name: base
channels:
  - defaults
dependencies:
  - archspec=0.2.3=pyhd3eb1b0_0
  - boltons=24.1.0=py39haa95532_0
  - brotli-python=1.0.9=py39h5da7b33_9
  - bzip2=1.0.8=h2bbff1b_6
  - ca-certificates=2025.11.4=haa95532_0
  - certifi=2025.10.5=py39haa95532_0
  - cffi=1.17.1=py39h827c3e9_1
  - charset-normalizer=3.3.2=pyhd3eb1b0_0
  - colorama=0.4.6=py39haa95532_0
  - conda=25.9.1=py39haa95532_0
  - conda-libmamba-solver=25.4.0=pyhdf14ebd_1
  - conda-package-handling=2.4.0=py39haa95532_0
  - conda-package-streaming=0.11.0=py39haa95532_0
  - console_shortcut=0.1.1=4
  - cpp-expected=1.1.0=h214f63a_0
  - distro=1.9.0=py39haa95532_0
  - fmt=9.1.0=h6d14046_1
  - frozendict=2.4.2=py39h2bbff1b_0
  - idna=3.7=py39haa95532_0
  - jsonpatch=1.33=py39haa95532_1
  - jsonpointer=2.1=pyhd3eb1b0_0
  - libarchive=3.7.7=h9243413_0
  - libcurl=8.12.1=h9da9810_0
  - libiconv=1.16=h2bbff1b_3
  - libmamba=2.0.5=hcd6fe79_1
  - libmambapy=2.0.5=py39h214f63a_1
  - libsolv=0.7.30=hf2fb9eb_1
  - libssh2=1.11.1=h2addb87_0
  - libxml2=2.13.5=h24da03e_0
  - lz4-c=1.9.4=h2bbff1b_1
  - menuinst=2.2.0=py39h5da7b33_1
  - nlohmann_json=3.11.2=h6c2663c_0
  - openssl=3.0.18=h543e019_0
  - packaging=24.2=py39haa95532_0
  - pcre2=10.42=h0ff8eda_1
  - pip=25.0=py39haa95532_0
  - platformdirs=3.10.0=py39haa95532_0
  - pluggy=1.5.0=py39haa95532_0
  - powershell_shortcut=0.0.1=3
  - pybind11-abi=5=hd3eb1b0_0
  - pycosat=0.6.6=py39h827c3e9_2
  - pycparser=2.21=pyhd3eb1b0_0
  - pysocks=1.7.1=py39haa95532_0
  - python=3.9.19=h1aa4202_0
  - reproc=14.2.4=hd77b12b_2
  - reproc-cpp=14.2.4=hd77b12b_2
  - requests=2.32.3=py39haa95532_1
  - ruamel.yaml=0.18.6=py39h827c3e9_0
  - ruamel.yaml.clib=0.2.8=py39h827c3e9_0
  - setuptools=75.8.0=py39haa95532_0
  - simdjson=3.10.1=h214f63a_0
  - spdlog=1.11.0=h59b6b97_0
  - sqlite=3.45.3=h2bbff1b_0
  - tqdm=4.67.1=py39h9909e9c_0
  - tzdata=2025a=h04d1e81_0
  - ucrt=10.0.22621.0=haa95532_0
  - urllib3=2.3.0=py39haa95532_0
  - vc=14.42=haa95532_4
  - vc14_runtime=14.44.35208=h4927774_10
  - vs2015_runtime=14.44.35208=ha6b5a95_10
  - wheel=0.45.1=py39haa95532_0
  - win_inet_pton=1.1.0=py39haa95532_0
  - xz=5.6.4=h4754444_1
  - yaml-cpp=0.8.0=hd77b12b_1
  - zlib=1.2.13=h8cc25b3_1
  - zstandard=0.23.0=py39h4fc1ca9_1
  - zstd=1.5.6=h8880b57_0
  - pip:
      - git-filter-repo==2.47.0
      - joblib==1.4.2
      - numpy==2.0.2
      - problog==2.2.8
      - scikit-learn==1.6.1
      - scipy==1.13.1
      - threadpoolctl==3.6.0
prefix: C:\Users\jarne\miniconda3
